 -0.7489696359 -0.0429370233 -0.6612132951
 -0.0429379273 -0.9926557618  0.1130983836
 -0.6612100224  0.1130954425  0.7416253978
 
  0.4356673652  0.8586550053 -0.2700102644
  0.8586557629 -0.3064795886  0.4108319372
 -0.2700078031  0.4108278298  0.8708122235
 
 -1.0000000000  0.0000000000  0.0000000000
 -0.0000000000 -1.0000000000  0.0000000000
  0.0000000000  0.0000000000 -1.0000000000
 
  0.1846370011  0.9015920285  0.3912030307
  0.9015936902 -0.3138238268  0.2977335536
  0.3912022192  0.2977323873 -0.8708131743
 
 -0.6921212409  0.2894257407 -0.6612137411
  0.2894249664  0.9504958432  0.1130957760
 -0.6612100224  0.1130954425  0.7416253978
 
  0.1255150516  0.9117044327 -0.3912054640
 -0.9546429312  0.0036727249 -0.2977331374
 -0.2700078031  0.4108278298  0.8708122235
 
  0.1255153124 -0.9546414560 -0.2700078311
  0.9117050039  0.0036715133  0.4108315210
 -0.3912022192 -0.2977323873  0.8708131743
 
  0.9431516050 -0.3323627640  0.0000004460
 -0.3323628937 -0.9431516050  0.0000026076
 -0.0000000000  0.0000000000  1.0000000000
 
 -0.9431516050  0.3323627640 -0.0000004460
  0.3323628937  0.9431516050 -0.0000026076
  0.0000000000  0.0000000000 -1.0000000000
 
 -0.1255153124  0.9546414560  0.2700078311
 -0.9117050039 -0.0036715133 -0.4108315210
  0.3912022192  0.2977323873 -0.8708131743
 
 -0.1255150516 -0.9117044327  0.3912054640
  0.9546429312 -0.0036727249  0.2977331374
  0.2700078031 -0.4108278298 -0.8708122235
 
  0.6921212409 -0.2894257407  0.6612137411
 -0.2894249664 -0.9504958432 -0.1130957760
  0.6612100224 -0.1130954425 -0.7416253978
 
 -0.1846370011 -0.9015920285 -0.3912030307
 -0.9015936902  0.3138238268 -0.2977335536
 -0.3912022192 -0.2977323873  0.8708131743
 
  1.0000000000  0.0000000000  0.0000000000
  0.0000000000  1.0000000000  0.0000000000
 -0.0000000000  0.0000000000  1.0000000000
 
 -0.4356673652 -0.8586550053  0.2700102644
 -0.8586557629  0.3064795886 -0.4108319372
  0.2700078031 -0.4108278298 -0.8708122235
 
  0.7489696359  0.0429370233  0.6612132951
  0.0429379273  0.9926557618 -0.1130983836
  0.6612100224 -0.1130954425 -0.7416253978
 
