 -1.0000000000  0.0000000000 -0.0000000000
  0.0000000000 -1.0000000000  0.0000000000
 -0.0000000000 -0.0000000000 -1.0000000000
 
 -0.2500006364  0.6123673253 -0.7499993636
  0.6123754676 -0.5000012728 -0.6123754676
 -0.7500019092 -0.6123694038 -0.2499980908
 
  0.2500023335  0.6123690573  0.7499976665
  0.6123754676  0.4999987272 -0.6123754676
  0.7500010607 -0.6123718286  0.2499989393
 
  0.2500006364  0.6123676717  0.7499993636
 -0.6123754676 -0.4999987272  0.6123754676
  0.7500019092 -0.6123711358  0.2499980908
 
  0.2500023335 -0.6123687109  0.7499976665
  0.6123754676 -0.5000012728 -0.6123754676
  0.7500010607  0.6123700966  0.2499989393
 
  1.0000000000 -0.0000027713  0.0000000000
  0.0000000000 -1.0000000000  0.0000000000
  0.0000000000  0.0000013856  1.0000000000
 
 -1.0000000000  0.0000027713  0.0000000000
  0.0000000000  1.0000000000  0.0000000000
 -0.0000000000 -0.0000013856 -1.0000000000
 
 -0.2500023335  0.6123687109 -0.7499976665
 -0.6123754676  0.5000012728  0.6123754676
 -0.7500010607 -0.6123700966 -0.2499989393
 
 -0.2500006364 -0.6123676717 -0.7499993636
  0.6123754676  0.4999987272 -0.6123754676
 -0.7500019092  0.6123711358 -0.2499980908
 
 -0.2500023335 -0.6123690573 -0.7499976665
 -0.6123754676 -0.4999987272  0.6123754676
 -0.7500010607  0.6123718286 -0.2499989393
 
  0.2500006364 -0.6123673253  0.7499993636
 -0.6123754676  0.5000012728  0.6123754676
  0.7500019092  0.6123694038  0.2499980908
 
  1.0000000000 -0.0000000000  0.0000000000
  0.0000000000  1.0000000000  0.0000000000
  0.0000000000  0.0000000000  1.0000000000
 
